<?xml version="1.0"?>
<opencv_storage>
<calibration_time>"Sat Jun 19 14:50:09 2021"</calibration_time>
<nr_of_frames>6</nr_of_frames>
<image_width>640</image_width>
<image_height>480</image_height>
<board_width>9</board_width>
<board_height>6</board_height>
<square_size>27.</square_size>
<fix_aspect_ratio>1.</fix_aspect_ratio>
<!-- flags: +fix_aspectRatio +fix_principal_point +zero_tangent_dist +fix_k4 +fix_k5 -->
<flags>6158</flags>
<fisheye_model>0</fisheye_model>
<camera_matrix type_id="opencv-matrix">
  <rows>3</rows>
  <cols>3</cols>
  <dt>d</dt>
  <data>
    9.4880607969563971e+02 0. 3.1950000000000000e+02 0.
    9.4880607969563971e+02 2.3950000000000000e+02 0. 0. 1.</data></camera_matrix>
<distortion_coefficients type_id="opencv-matrix">
  <rows>5</rows>
  <cols>1</cols>
  <dt>d</dt>
  <data>
    -6.6329275246245351e-02 -7.9924068274409155e-01 0. 0.
    -1.2647173906695344e+00</data></distortion_coefficients>
<avg_reprojection_error>5.6925109707301391e-01</avg_reprojection_error>
<per_view_reprojection_errors type_id="opencv-matrix">
  <rows>6</rows>
  <cols>1</cols>
  <dt>f</dt>
  <data>
    6.09148681e-01 4.40784007e-01 7.79131770e-01 6.13320172e-01
    4.75873709e-01 4.11417663e-01</data></per_view_reprojection_errors>
<!-- a set of 6-tuples (rotation vector + translation vector) for each view -->
<extrinsic_parameters type_id="opencv-matrix">
  <rows>6</rows>
  <cols>6</cols>
  <dt>d</dt>
  <data>
    -4.4944704351377907e-01 -3.6082196746498952e-04
    2.0566310647219137e-02 -9.6790666402046398e+01
    -7.1539955851362578e+01 5.3810962995291152e+02
    -3.0546384699726137e-01 -4.8539060129127481e-01
    1.3759644679558262e-02 -7.6015942954019849e+01
    -7.8596860751510405e+01 4.7595936024637808e+02
    -3.3332870011792287e-01 4.5150522667785270e-01
    -9.5256785563369292e-02 -1.1065555389387291e+02
    -4.2841181840641916e+01 5.6203355374600699e+02
    4.8473503225092268e-01 -1.3438852540912277e-01
    -1.1992218465936301e-01 -8.9933990381111386e+01
    -3.0542957987053097e+01 4.1015434535664775e+02
    -1.7451270687910117e-01 -5.1833504973954081e-01
    -3.2021373098328759e-01 -8.3721969545880697e+01
    -5.3744632749351808e+01 4.8531369678682142e+02
    -3.7391508574021021e-01 -4.1527174326112976e-01
    1.1235300058760497e-01 -7.4016615934599116e+01
    -8.0759927388888713e+01 5.1135160129018703e+02</data></extrinsic_parameters>
<image_points type_id="opencv-matrix">
  <rows>6</rows>
  <cols>54</cols>
  <dt>"2f"</dt>
  <data>
    1.49473312e+02 1.13016670e+02 1.97119614e+02 1.14413231e+02
    2.44572678e+02 1.15703209e+02 2.92668549e+02 1.16743340e+02
    3.39727814e+02 1.17984039e+02 3.87541931e+02 1.19109344e+02
    4.34908630e+02 1.19295609e+02 4.82116821e+02 1.19750267e+02
    5.28349670e+02 1.21754730e+02 1.44433929e+02 1.54412277e+02
    1.93002792e+02 1.55069046e+02 2.41475174e+02 1.56289429e+02
    2.90549957e+02 1.57259720e+02 3.39294647e+02 1.58255707e+02
    3.87638855e+02 1.59728928e+02 4.36363098e+02 1.60517548e+02
    4.84309845e+02 1.61405304e+02 5.31844727e+02 1.62766113e+02
    1.39414612e+02 1.97225906e+02 1.89001953e+02 1.98173416e+02
    2.38404236e+02 1.98875702e+02 2.88952332e+02 2.00147720e+02
    3.38374634e+02 2.01181717e+02 3.88403534e+02 2.02253082e+02
    4.37872253e+02 2.03131393e+02 4.86930267e+02 2.04234787e+02
    5.35651672e+02 2.04890137e+02 1.33998489e+02 2.42346237e+02
    1.84714584e+02 2.43489731e+02 2.35565048e+02 2.44409210e+02
    2.87299957e+02 2.45352997e+02 3.37810181e+02 2.46380310e+02
    3.88667175e+02 2.47480087e+02 4.39589233e+02 2.48159256e+02
    4.89837952e+02 2.49195480e+02 5.39490967e+02 2.49718246e+02
    1.28489014e+02 2.89734283e+02 1.80658752e+02 2.90476868e+02
    2.32435501e+02 2.91538177e+02 2.85157715e+02 2.92485352e+02
    3.37361389e+02 2.93694641e+02 3.89345306e+02 2.94432281e+02
    4.41322327e+02 2.95289581e+02 4.92580505e+02 2.96004303e+02
    5.43570923e+02 2.96627167e+02 1.22820320e+02 3.38587311e+02
    1.76289032e+02 3.39733582e+02 2.29292297e+02 3.40803741e+02
    2.83399139e+02 3.41707611e+02 3.36333496e+02 3.42674438e+02
    3.89809326e+02 3.43375061e+02 4.42767792e+02 3.44296631e+02
    4.95718323e+02 3.44729065e+02 5.47583923e+02 3.45452881e+02
    1.68763306e+02 8.29434662e+01 2.18423538e+02 9.16018677e+01
    2.65855896e+02 9.96575317e+01 3.11752014e+02 1.07679092e+02
    3.54464722e+02 1.15248528e+02 3.95893311e+02 1.21943932e+02
    4.36342133e+02 1.28077332e+02 4.74125397e+02 1.34320465e+02
    5.08540070e+02 1.40857819e+02 1.68758743e+02 1.32736298e+02
    2.20054810e+02 1.39588486e+02 2.68434479e+02 1.46653824e+02
    3.14774139e+02 1.53229431e+02 3.58826294e+02 1.59666428e+02
    4.00205811e+02 1.65838135e+02 4.40163239e+02 1.71754562e+02
    4.77973541e+02 1.77099121e+02 5.13609985e+02 1.82555283e+02
    1.69559479e+02 1.83497650e+02 2.21437866e+02 1.89731827e+02
    2.70715454e+02 1.95444458e+02 3.17752869e+02 2.00923874e+02
    3.61855988e+02 2.06233292e+02 4.04199951e+02 2.11341278e+02
    4.44750427e+02 2.15903015e+02 4.83021942e+02 2.20259750e+02
    5.19227600e+02 2.24517593e+02 1.69972778e+02 2.36950592e+02
    2.22861969e+02 2.41611938e+02 2.72606415e+02 2.46125870e+02
    3.20953491e+02 2.50511322e+02 3.65741455e+02 2.54630295e+02
    4.08782410e+02 2.58644745e+02 4.49458771e+02 2.62047729e+02
    4.87828461e+02 2.65307709e+02 5.24617310e+02 2.68518646e+02
    1.70813141e+02 2.91825104e+02 2.24468353e+02 2.95422607e+02
    2.75246246e+02 2.98441071e+02 3.23950043e+02 3.01540161e+02
    3.69375305e+02 3.04361664e+02 4.12859802e+02 3.06831329e+02
    4.54183777e+02 3.09026642e+02 4.93265320e+02 3.11679626e+02
    5.30462341e+02 3.13769257e+02 1.71750015e+02 3.48590302e+02
    2.26640427e+02 3.50348907e+02 2.77677643e+02 3.52202606e+02
    3.27272400e+02 3.53984741e+02 3.73371124e+02 3.55400848e+02
    4.17413391e+02 3.56431396e+02 4.59137695e+02 3.57664948e+02
    4.98641663e+02 3.58606323e+02 5.35860535e+02 3.59610199e+02
    1.32900558e+02 1.66256683e+02 1.71265854e+02 1.57547699e+02
    2.10858643e+02 1.48454681e+02 2.52646133e+02 1.38820648e+02
    2.95441833e+02 1.28850388e+02 3.39680939e+02 1.18491928e+02
    3.85568665e+02 1.06615822e+02 4.33516785e+02 9.48525314e+01
    4.84105255e+02 8.38727570e+01 1.30964005e+02 2.09066925e+02
    1.69125107e+02 2.00827713e+02 2.09088928e+02 1.92229919e+02
    2.51546341e+02 1.83139557e+02 2.94956085e+02 1.73765015e+02
    3.40568024e+02 1.64269470e+02 3.87901367e+02 1.53921738e+02
    4.37208679e+02 1.43401001e+02 4.88329285e+02 1.32788635e+02
    1.28486435e+02 2.53204742e+02 1.67568344e+02 2.45361496e+02
    2.08008942e+02 2.37658417e+02 2.51212479e+02 2.29441635e+02
    2.95497955e+02 2.20921921e+02 3.41705017e+02 2.11965042e+02
    3.90222504e+02 2.02618256e+02 4.40680664e+02 1.92754913e+02
    4.92814423e+02 1.82862701e+02 1.26191055e+02 2.98782104e+02
    1.65857513e+02 2.92341370e+02 2.07052902e+02 2.85123840e+02
    2.50765594e+02 2.77807831e+02 2.95712982e+02 2.70133514e+02
    3.43119232e+02 2.62083618e+02 3.92492920e+02 2.53619873e+02
    4.43948853e+02 2.44839828e+02 4.97325684e+02 2.35564011e+02
    1.23395515e+02 3.45940460e+02 1.64139771e+02 3.40085205e+02
    2.06009720e+02 3.34122467e+02 2.50418610e+02 3.27578613e+02
    2.96360962e+02 3.20941956e+02 3.44500977e+02 3.13844727e+02
    3.94918396e+02 3.06304382e+02 4.47454224e+02 2.98560455e+02
    5.01828949e+02 2.90442657e+02 1.20679924e+02 3.94494324e+02
    1.61970901e+02 3.89604431e+02 2.04813644e+02 3.84408478e+02
    2.50119278e+02 3.78973602e+02 2.96605591e+02 3.73312744e+02
    3.45730865e+02 3.67166473e+02 3.97415710e+02 3.60759918e+02
    4.50813995e+02 3.54102020e+02 5.06338654e+02 3.47119965e+02
    1.11793716e+02 1.68585403e+02 1.74127380e+02 1.59958252e+02
    2.35530289e+02 1.51380463e+02 2.96483032e+02 1.42915497e+02
    3.56069702e+02 1.34653931e+02 4.14844666e+02 1.27195190e+02
    4.73483826e+02 1.20358711e+02 5.30345337e+02 1.13657104e+02
    5.84981812e+02 1.05219276e+02 1.22954712e+02 2.23884506e+02
